Timestamp WorkflowId PeakValueRss1 PeakValueRss2 PeakValueRss3 PeakValueRss4 PeakValueRss5 PeakValueRss6 PeakValueRss7 PeakValueRss8 PeakValueVsize1 PeakValueVsize2 PeakValueVsize3 PeakValueVsize4 PeakValueVsize5 PeakValueVsize6 PeakValueVsize7 PeakValueVsize8 TotalJobCPU1 TotalJobCPU2 TotalJobCPU3 TotalJobCPU4 TotalJobCPU5 TotalJobCPU6 TotalJobCPU7 TotalJobCPU8 TotalJobTime1 TotalJobTime2 TotalJobTime3 TotalJobTime4 TotalJobTime5 TotalJobTime6 TotalJobTime7 TotalJobTime8
1466078400.0 1.0 51 79 120 NA NA NA NA NA 96 142 173 NA NA NA NA NA 2286 456 553 NA NA NA NA NA 2456 482 644 NA NA NA NA NA
1466078400.0 10.0 NA 77 185 0 NA NA NA NA NA 148 245 0 NA NA NA NA NA 2394 2852 979 NA NA NA NA NA 2434 3192 1023 NA NA NA NA
1466078400.0 1000.0 NA 203 105 0 38 NA NA NA NA 266 161 0 76 NA NA NA NA 3304 708 911 214 NA NA NA NA 3396 794 936 248 NA NA NA
1466078400.0 1001.0 NA 177 164 0 0 0 0 0 NA 235 205 0 0 0 0 0 NA 2648 662 10 111 795 98 749 NA 2725 697 21 141 810 113 761
1466078400.0 1002.0 NA 197 61 NA NA NA NA NA NA 266 98 NA NA NA NA NA NA 2838 160 NA NA NA NA NA NA 4346 946 NA NA NA NA NA
1466078400.0 10021.0 NA 84 124 0 NA NA NA NA NA 171 175 0 NA NA NA NA NA 790 1063 350 NA NA NA NA NA 931 1931 447 NA NA NA NA
1466078400.0 10023.0 NA 87 124 0 NA NA NA NA NA 171 176 0 NA NA NA NA NA 716 771 354 NA NA NA NA NA 1004 1009 383 NA NA NA NA
1466078400.0 10024.0 NA 93 131 0 NA NA NA NA NA 171 180 0 NA NA NA NA NA 789 957 389 NA NA NA NA NA 1794 1607 431 NA NA NA NA
1466078400.0 10025.0 NA 86 126 0 NA NA NA NA NA 171 175 0 NA NA NA NA NA 782 840 348 NA NA NA NA NA 981 1648 417 NA NA NA NA
1466078400.0 10026.0 NA 91 129 0 NA NA NA NA NA 171 181 0 NA NA NA NA NA 860 1023 370 NA NA NA NA NA 1146 2690 521 NA NA NA NA
1466078400.0 1003.0 NA 165 0 NA NA NA NA NA NA 231 0 NA NA NA NA NA NA 3954 590 NA NA NA NA NA NA 7420 627 NA NA NA NA NA
1466078400.0 1004.0 NA 167 134 0 0 0 0 NA NA 228 166 0 0 0 0 NA NA 762 225 8 85 554 702 NA NA 1346 246 15 95 572 756 NA
1466078400.0 101.0 78 NA NA NA NA NA NA NA 135 NA NA NA NA NA NA NA 1340 NA NA NA NA NA NA NA 1388 NA NA NA NA NA NA NA
1466078400.0 102.0 77 NA NA NA NA NA NA NA 134 NA NA NA NA NA NA NA 975 NA NA NA NA NA NA NA 1004 NA NA NA NA NA NA NA
1466078400.0 10224.0 NA 125 171 0 NA NA NA NA NA 182 263 0 NA NA NA NA NA 3077 3377 392 NA NA NA NA NA 12431 13564 419 NA NA NA NA
1466078400.0 10225.0 NA 123 181 0 NA NA NA NA NA 188 262 0 NA NA NA NA NA 3517 3144 347 NA NA NA NA NA 13914 13615 363 NA NA NA NA
1466078400.0 103.0 47 72 182 NA NA NA NA NA 90 144 243 NA NA NA NA NA 882 306 641 NA NA NA NA NA 902 322 679 NA NA NA NA NA
1466078400.0 105.0 50 72 23 NA NA NA NA NA 96 144 52 NA NA NA NA NA 2009 451 4 NA NA NA NA NA 2144 496 69 NA NA NA NA NA
1466078400.0 106.0 37 0 0 NA NA NA NA NA 76 0 0 NA NA NA NA NA 498 126 222 NA NA NA NA NA 511 150 251 NA NA NA NA NA
1466078400.0 107.0 52 74 183 NA NA NA NA NA 98 145 244 NA NA NA NA NA 4122 481 823 NA NA NA NA NA 4514 616 1040 NA NA NA NA NA
1466078400.0 108.0 54 76 184 NA NA NA NA NA 100 145 241 NA NA NA NA NA 6035 499 961 NA NA NA NA NA 6195 526 1045 NA NA NA NA NA
1466078400.0 109.0 55 85 185 NA NA NA NA NA 101 145 244 NA NA NA NA NA 7004 523 1077 NA NA NA NA NA 7450 656 1126 NA NA NA NA NA
1466078400.0 11.0 NA 85 194 0 55 NA NA NA NA 147 255 0 89 NA NA NA NA 2267 1609 1109 77 NA NA NA NA 2344 1674 1135 89 NA NA NA
1466078400.0 110.0 44 72 179 NA NA NA NA NA 88 144 235 NA NA NA NA NA 737 457 672 NA NA NA NA NA 774 490 708 NA NA NA NA NA
1466078400.0 1102.0 NA 77 187 102 59 NA NA NA NA 147 246 159 107 NA NA NA NA 2858 4701 2456 176 NA NA NA NA 2946 4848 2699 229 NA NA NA
1466078400.0 111.0 60 82 190 NA NA NA NA NA 97 145 244 NA NA NA NA NA 2518 393 732 NA NA NA NA NA 5072 2002 1191 NA NA NA NA NA
1466078400.0 112.0 54 84 181 NA NA NA NA NA 99 145 244 NA NA NA NA NA 4788 611 1002 NA NA NA NA NA 4910 637 1053 NA NA NA NA NA
1466078400.0 113.0 55 81 184 NA NA NA NA NA 99 146 245 NA NA NA NA NA 5013 614 979 NA NA NA NA NA 5185 635 1040 NA NA NA NA NA
1466078400.0 114.0 52 73 182 NA NA NA NA NA 99 145 244 NA NA NA NA NA 4958 601 941 NA NA NA NA NA 5038 626 973 NA NA NA NA NA
1466078400.0 115.0 55 84 183 NA NA NA NA NA 100 145 244 NA NA NA NA NA 6112 626 1057 NA NA NA NA NA 6493 654 1108 NA NA NA NA NA
1466078400.0 116.0 54 74 184 NA NA NA NA NA 100 145 244 NA NA NA NA NA 5721 632 1215 NA NA NA NA NA 5858 691 1269 NA NA NA NA NA
1466078400.0 117.0 55 78 184 NA NA NA NA NA 100 145 244 NA NA NA NA NA 6953 524 920 NA NA NA NA NA 7360 674 1001 NA NA NA NA NA
1466078400.0 118.0 54 75 184 NA NA NA NA NA 100 146 244 NA NA NA NA NA 6458 589 972 NA NA NA NA NA 6672 618 1020 NA NA NA NA NA
1466078400.0 119.0 55 75 183 NA NA NA NA NA 99 145 244 NA NA NA NA NA 5312 551 936 NA NA NA NA NA 5410 587 973 NA NA NA NA NA
1466078400.0 12.0 NA 75 185 0 NA NA NA NA NA 147 245 0 NA NA NA NA NA 2508 3339 1124 NA NA NA NA NA 2547 3396 1151 NA NA NA NA
1466078400.0 120.0 45 70 180 NA NA NA NA NA 87 144 243 NA NA NA NA NA 642 438 669 NA NA NA NA NA 659 461 700 NA NA NA NA NA
1466078400.0 121.0 53 80 182 NA NA NA NA NA 100 145 240 NA NA NA NA NA 6511 529 1047 NA NA NA NA NA 6947 620 1123 NA NA NA NA NA
1466078400.0 122.0 51 74 179 NA NA NA NA NA 97 145 238 NA NA NA NA NA 1427 363 697 NA NA NA NA NA 2482 445 1184 NA NA NA NA NA
1466078400.0 123.1 166 NA NA NA NA NA NA NA 228 NA NA NA NA NA NA NA 804 NA NA NA NA NA NA NA 868 NA NA NA NA NA NA NA
1466078400.0 123.2 167 NA NA NA NA NA NA NA 228 NA NA NA NA NA NA NA 948 NA NA NA NA NA NA NA 995 NA NA NA NA NA NA NA
1466078400.0 123.3 155 NA NA NA NA NA NA NA 214 NA NA NA NA NA NA NA 654 NA NA NA NA NA NA NA 742 NA NA NA NA NA NA NA
1466078400.0 124.1 162 NA NA NA NA NA NA NA 222 NA NA NA NA NA NA NA 650 NA NA NA NA NA NA NA 735 NA NA NA NA NA NA NA
1466078400.0 124.2 165 NA NA NA NA NA NA NA 228 NA NA NA NA NA NA NA 758 NA NA NA NA NA NA NA 812 NA NA NA NA NA NA NA
1466078400.0 124.4 163 NA NA NA NA NA NA NA 222 NA NA NA NA NA NA NA 650 NA NA NA NA NA NA NA 677 NA NA NA NA NA NA NA
1466078400.0 124.5 160 NA NA NA NA NA NA NA 222 NA NA NA NA NA NA NA 648 NA NA NA NA NA NA NA 694 NA NA NA NA NA NA NA
1466078400.0 124.6 154 NA NA NA NA NA NA NA 214 NA NA NA NA NA NA NA 644 NA NA NA NA NA NA NA 678 NA NA NA NA NA NA NA
1466078400.0 125.0 56 75 181 NA NA NA NA NA 100 146 245 NA NA NA NA NA 5646 501 872 NA NA NA NA NA 6111 529 934 NA NA NA NA NA
1466078400.0 126.0 47 69 179 NA NA NA NA NA 89 145 244 NA NA NA NA NA 1333 459 707 NA NA NA NA NA 1473 515 886 NA NA NA NA NA
1466078400.0 127.0 43 74 183 NA NA NA NA NA 84 145 235 NA NA NA NA NA 1531 467 639 NA NA NA NA NA 1559 549 823 NA NA NA NA NA
1466078400.0 128.0 43 70 178 NA NA NA NA NA 82 144 243 NA NA NA NA NA 593 438 667 NA NA NA NA NA 612 459 703 NA NA NA NA NA
1466078400.0 129.0 43 70 179 NA NA NA NA NA 83 144 243 NA NA NA NA NA 609 421 656 NA NA NA NA NA 624 453 693 NA NA NA NA NA
1466078400.0 13.0 NA 76 184 0 NA NA NA NA NA 147 244 0 NA NA NA NA NA 371 1238 800 NA NA NA NA NA 574 1747 891 NA NA NA NA
1466078400.0 130.0 44 74 178 NA NA NA NA NA 83 144 243 NA NA NA NA NA 730 440 673 NA NA NA NA NA 750 462 700 NA NA NA NA NA
1466078400.0 1301.0 57 143 157 NA NA NA NA NA 104 200 221 NA NA NA NA NA 2222 843 1013 NA NA NA NA NA 2521 975 1101 NA NA NA NA NA
1466078400.0 1302.0 62 140 165 NA NA NA NA NA 109 200 222 NA NA NA NA NA 9603 910 1207 NA NA NA NA NA 16026 1282 1338 NA NA NA NA NA
1466078400.0 1303.0 65 142 162 NA NA NA NA NA 110 200 231 NA NA NA NA NA 12308 791 1939 NA NA NA NA NA 12883 915 2248 NA NA NA NA NA
1466078400.0 1306.0 NA 162 234 0 NA NA NA NA NA 210 302 0 NA NA NA NA NA 699 1292 2098 NA NA NA NA NA 1053 1353 2113 NA NA NA NA
1466078400.0 1307.0 NA 139 128 48 0 NA NA NA NA 205 199 79 0 NA NA NA NA 717 887 94 938 NA NA NA NA 1919 1367 1390 992 NA NA NA
1466078400.0 1308.0 NA 141 130 41 0 NA NA NA NA 206 199 79 0 NA NA NA NA 693 752 102 1014 NA NA NA NA 1404 1850 1437 1098 NA NA NA
1466078400.0 1309.0 NA 158 230 0 NA NA NA NA NA 218 302 0 NA NA NA NA NA 832 1731 2384 NA NA NA NA NA 920 2101 2423 NA NA NA NA
1466078400.0 131.0 44 75 183 NA NA NA NA NA 86 145 236 NA NA NA NA NA 1477 487 652 NA NA NA NA NA 1569 579 860 NA NA NA NA NA
1466078400.0 1310.0 NA 160 229 0 NA NA NA NA NA 219 302 0 NA NA NA NA NA 860 1688 2468 NA NA NA NA NA 968 2076 2523 NA NA NA NA
1466078400.0 1311.0 NA 152 216 0 59 NA NA NA NA 210 277 0 99 NA NA NA NA 699 1376 2564 255 NA NA NA NA 776 1515 2651 683 NA NA NA
1466078400.0 1312.0 NA 156 229 0 NA NA NA NA NA 217 302 0 NA NA NA NA NA 821 1689 2437 NA NA NA NA NA 903 1975 2461 NA NA NA NA
1466078400.0 1313.0 NA 158 236 0 NA NA NA NA NA 221 303 0 NA NA NA NA NA 881 2571 2520 NA NA NA NA NA 982 2699 2634 NA NA NA NA
1466078400.0 1314.0 NA 159 225 0 NA NA NA NA NA 219 302 0 NA NA NA NA NA 821 1634 2456 NA NA NA NA NA 913 4870 2487 NA NA NA NA
1466078400.0 1315.0 NA 153 224 0 NA NA NA NA NA 210 302 0 NA NA NA NA NA 685 1530 2476 NA NA NA NA NA 748 3379 2667 NA NA NA NA
1466078400.0 1316.0 NA 153 223 0 NA NA NA NA NA 210 302 0 NA NA NA NA NA 827 1447 2358 NA NA NA NA NA 942 2780 2418 NA NA NA NA
1466078400.0 1317.0 NA 151 223 0 NA NA NA NA NA 210 302 0 NA NA NA NA NA 760 1471 2478 NA NA NA NA NA 1289 1572 2516 NA NA NA NA
1466078400.0 1318.0 NA 146 229 0 NA NA NA NA NA 210 302 0 NA NA NA NA NA 784 1428 2344 NA NA NA NA NA 923 1595 3254 NA NA NA NA
1466078400.0 1319.0 NA 143 230 0 NA NA NA NA NA 210 302 0 NA NA NA NA NA 760 1418 2286 NA NA NA NA NA 950 1538 2762 NA NA NA NA
1466078400.0 132.0 50 73 185 NA NA NA NA NA 95 145 238 NA NA NA NA NA 2960 511 793 NA NA NA NA NA 3486 1515 1096 NA NA NA NA NA
1466078400.0 1320.0 NA 158 225 0 NA NA NA NA NA 210 302 0 NA NA NA NA NA 691 1569 2522 NA NA NA NA NA 760 3288 2664 NA NA NA NA
1466078400.0 1321.0 NA 154 223 0 NA NA NA NA NA 210 302 0 NA NA NA NA NA 760 1619 2541 NA NA NA NA NA 978 1728 2608 NA NA NA NA
1466078400.0 1322.0 NA 154 225 0 NA NA NA NA NA 210 302 0 NA NA NA NA NA 845 1569 2483 NA NA NA NA NA 935 1728 2565 NA NA NA NA
1466078400.0 1323.0 NA 151 221 0 NA NA NA NA NA 210 302 0 NA NA NA NA NA 702 1396 2420 NA NA NA NA NA 799 2115 2466 NA NA NA NA
1466078400.0 1324.0 NA 157 230 0 NA NA NA NA NA 218 303 0 NA NA NA NA NA 943 1833 2593 NA NA NA NA NA 1024 2032 2813 NA NA NA NA
1466078400.0 1325.0 NA 168 231 0 65 NA NA NA NA 219 302 0 105 NA NA NA NA 900 1677 2384 232 NA NA NA NA 1014 1822 5096 753 NA NA NA
1466078400.0 1326.0 NA 154 224 0 NA NA NA NA NA 215 302 0 NA NA NA NA NA 812 1567 2415 NA NA NA NA NA 1041 2459 2472 NA NA NA NA
1466078400.0 1327.0 NA 153 227 0 NA NA NA NA NA 215 302 0 NA NA NA NA NA 757 1531 2429 NA NA NA NA NA 850 1677 2468 NA NA NA NA
1466078400.0 1328.0 NA 158 229 0 NA NA NA NA NA 216 302 0 NA NA NA NA NA 858 1741 2609 NA NA NA NA NA 1082 1868 2648 NA NA NA NA
1466078400.0 1329.0 NA 166 233 0 NA NA NA NA NA 217 303 0 NA NA NA NA NA 779 1546 2570 NA NA NA NA NA 858 1630 2921 NA NA NA NA
1466078400.0 133.0 57 78 185 NA NA NA NA NA 102 145 244 NA NA NA NA NA 8128 559 1031 NA NA NA NA NA 8299 587 1181 NA NA NA NA NA
1466078400.0 1330.0 NA 163 232 0 NA NA NA NA NA 216 302 0 NA NA NA NA NA 784 1603 2595 NA NA NA NA NA 885 1707 2638 NA NA NA NA
1466078400.0 1331.0 NA 156 224 0 NA NA NA NA NA 213 302 0 NA NA NA NA NA 792 1440 2459 NA NA NA NA NA 871 1586 2736 NA NA NA NA
1466078400.0 1332.0 NA 158 234 0 NA NA NA NA NA 216 302 0 NA NA NA NA NA 980 1743 2602 NA NA NA NA NA 1147 1896 3311 NA NA NA NA
1466078400.0 1333.0 NA 152 224 0 NA NA NA NA NA 213 302 0 NA NA NA NA NA 778 1529 2430 NA NA NA NA NA 859 2585 2474 NA NA NA NA
1466078400.0 1334.0 NA 155 232 0 NA NA NA NA NA 217 302 0 NA NA NA NA NA 888 1547 2353 NA NA NA NA NA 1069 1646 3875 NA NA NA NA
1466078400.0 1335.0 NA 152 224 0 NA NA NA NA NA 212 302 0 NA NA NA NA NA 791 1583 2433 NA NA NA NA NA 1031 2481 2478 NA NA NA NA
1466078400.0 1336.0 NA 160 237 0 NA NA NA NA NA 219 302 0 NA NA NA NA NA 929 2584 2420 NA NA NA NA NA 1096 2945 2460 NA NA NA NA
1466078400.0 1337.0 NA 160 235 0 NA NA NA NA NA 222 303 0 NA NA NA NA NA 1390 3232 2648 NA NA NA NA NA 1509 3551 2846 NA NA NA NA
1466078400.0 1338.0 NA 159 231 0 NA NA NA NA NA 220 303 0 NA NA NA NA NA 951 1928 2549 NA NA NA NA NA 1043 2152 2805 NA NA NA NA
1466078400.0 1339.0 NA 159 232 0 NA NA NA NA NA 220 302 0 NA NA NA NA NA 959 2424 2405 NA NA NA NA NA 1074 2908 2430 NA NA NA NA
1466078400.0 134.0 NA 198 39 0 NA NA NA NA NA 267 70 0 NA NA NA NA NA 3391 14 15 NA NA NA NA NA 3729 28 29 NA NA NA NA
1466078400.0 134.701 NA 42 218 0 NA NA NA NA NA 83 281 0 NA NA NA NA NA 169 5790 854 NA NA NA NA NA 274 6215 880 NA NA NA NA
1466078400.0 134.702 NA 40 210 0 NA NA NA NA NA 81 275 0 NA NA NA NA NA 244 8491 1007 NA NA NA NA NA 279 9163 1028 NA NA NA NA
1466078400.0 134.703 NA 39 212 0 NA NA NA NA NA 84 286 0 NA NA NA NA NA 192 7569 828 NA NA NA NA NA 352 11156 841 NA NA NA NA
1466078400.0 134.704 NA 34 215 0 NA NA NA NA NA 83 278 0 NA NA NA NA NA 179 7076 826 NA NA NA NA NA 446 7694 865 NA NA NA NA
1466078400.0 134.705 NA 38 221 0 NA NA NA NA NA 83 284 0 NA NA NA NA NA 182 7769 894 NA NA NA NA NA 429 8363 924 NA NA NA NA
1466078400.0 134.706 NA 43 220 0 NA NA NA NA NA 84 281 0 NA NA NA NA NA 204 8728 1037 NA NA NA NA NA 241 9641 1102 NA NA NA NA
1466078400.0 134.707 NA 45 213 0 NA NA NA NA NA 83 275 0 NA NA NA NA NA 174 8440 845 NA NA NA NA NA 197 8975 872 NA NA NA NA
1466078400.0 134.708 NA 44 213 0 NA NA NA NA NA 82 275 0 NA NA NA NA NA 186 8198 1073 NA NA NA NA NA 313 8826 1106 NA NA NA NA
1466078400.0 134.709 NA 42 221 0 NA NA NA NA NA 84 286 0 NA NA NA NA NA 178 7378 840 NA NA NA NA NA 295 7722 868 NA NA NA NA
1466078400.0 134.71 NA 37 210 0 NA NA NA NA NA 78 272 0 NA NA NA NA NA 174 4808 926 NA NA NA NA NA 244 5653 962 NA NA NA NA
1466078400.0 134.801 NA 33 215 0 NA NA NA NA NA 82 275 0 NA NA NA NA NA 176 5210 816 NA NA NA NA NA 254 5811 842 NA NA NA NA
1466078400.0 134.802 NA 36 214 0 NA NA NA NA NA 85 277 0 NA NA NA NA NA 227 9538 804 NA NA NA NA NA 300 12919 825 NA NA NA NA
1466078400.0 134.803 NA 44 214 0 NA NA NA NA NA 85 278 0 NA NA NA NA NA 218 9620 932 NA NA NA NA NA 281 10056 955 NA NA NA NA
1466078400.0 134.804 NA 36 214 0 NA NA NA NA NA 84 287 0 NA NA NA NA NA 228 9397 889 NA NA NA NA NA 306 12452 908 NA NA NA NA
1466078400.0 134.805 NA 36 224 0 NA NA NA NA NA 86 288 0 NA NA NA NA NA 246 10190 858 NA NA NA NA NA 315 15990 884 NA NA NA NA
1466078400.0 134.806 NA 42 219 0 NA NA NA NA NA 83 286 0 NA NA NA NA NA 226 10266 810 NA NA NA NA NA 484 10658 840 NA NA NA NA
1466078400.0 134.807 NA 78 234 0 NA NA NA NA NA 139 295 0 NA NA NA NA NA 678 9457 925 NA NA NA NA NA 1277 10601 1252 NA NA NA NA
1466078400.0 134.808 NA 75 235 0 NA NA NA NA NA 138 297 0 NA NA NA NA NA 767 9828 885 NA NA NA NA NA 933 10521 908 NA NA NA NA
1466078400.0 134.809 NA 34 214 0 NA NA NA NA NA 82 278 0 NA NA NA NA NA 229 8734 808 NA NA NA NA NA 485 14791 861 NA NA NA NA
1466078400.0 134.81 NA 42 215 0 NA NA NA NA NA 83 278 0 NA NA NA NA NA 224 10284 915 NA NA NA NA NA 258 10750 937 NA NA NA NA
1466078400.0 134.811 NA 41 219 0 NA NA NA NA NA 87 282 0 NA NA NA NA NA 238 9155 839 NA NA NA NA NA 452 11365 883 NA NA NA NA
1466078400.0 134.812 NA 34 208 0 NA NA NA NA NA 81 272 0 NA NA NA NA NA 173 5350 886 NA NA NA NA NA 235 6075 916 NA NA NA NA
1466078400.0 134.901 NA 148 223 0 NA NA NA NA NA 212 289 0 NA NA NA NA NA 2808 6641 953 NA NA NA NA NA 3575 15427 981 NA NA NA NA
1466078400.0 134.902 NA 154 222 0 NA NA NA NA NA 217 289 0 NA NA NA NA NA 3044 7499 984 NA NA NA NA NA 3441 9593 1086 NA NA NA NA
1466078400.0 134.903 NA 150 224 0 NA NA NA NA NA 214 289 0 NA NA NA NA NA 2797 6810 948 NA NA NA NA NA 3012 8413 1074 NA NA NA NA
1466078400.0 134.904 NA 151 223 0 NA NA NA NA NA 217 292 0 NA NA NA NA NA 3405 8245 934 NA NA NA NA NA 4208 12682 971 NA NA NA NA
1466078400.0 134.905 NA 149 221 0 NA NA NA NA NA 215 289 0 NA NA NA NA NA 2728 6996 949 NA NA NA NA NA 3244 7619 973 NA NA NA NA
1466078400.0 134.906 NA 152 223 0 NA NA NA NA NA 216 289 0 NA NA NA NA NA 3201 8256 971 NA NA NA NA NA 3470 9674 998 NA NA NA NA
1466078400.0 134.907 NA 178 239 0 NA NA NA NA NA 250 301 0 NA NA NA NA NA 3432 7782 957 NA NA NA NA NA 3991 8866 981 NA NA NA NA
1466078400.0 134.908 NA 183 237 0 NA NA NA NA NA 251 305 0 NA NA NA NA NA 3328 7570 959 NA NA NA NA NA 4157 12953 995 NA NA NA NA
1466078400.0 134.909 NA 149 224 0 NA NA NA NA NA 215 284 0 NA NA NA NA NA 2839 7348 935 NA NA NA NA NA 2924 8080 957 NA NA NA NA
1466078400.0 134.91 NA 149 224 0 NA NA NA NA NA 214 286 0 NA NA NA NA NA 2653 7298 1067 NA NA NA NA NA 3513 8380 1088 NA NA NA NA
1466078400.0 134.911 NA 148 226 0 NA NA NA NA NA 215 286 0 NA NA NA NA NA 2844 7137 970 NA NA NA NA NA 3346 8296 994 NA NA NA NA
1466078400.0 134.912 NA 147 218 0 NA NA NA NA NA 209 282 0 NA NA NA NA NA 1986 5647 910 NA NA NA NA NA 2271 6811 943 NA NA NA NA
1466078400.0 134.99601 NA 42 215 0 NA NA NA NA NA 82 278 0 NA NA NA NA NA 247 9940 846 NA NA NA NA NA 399 10461 935 NA NA NA NA
1466078400.0 134.99602 NA 37 213 0 NA NA NA NA NA 84 272 0 NA NA NA NA NA 188 5916 824 NA NA NA NA NA 277 7105 870 NA NA NA NA
1466078400.0 134.99603 NA 37 213 0 NA NA NA NA NA 84 278 0 NA NA NA NA NA 229 8445 925 NA NA NA NA NA 279 11899 945 NA NA NA NA
1466078400.0 134.99901 NA 39 206 0 NA NA NA NA NA 86 272 0 NA NA NA NA NA 194 6116 797 NA NA NA NA NA 225 6863 813 NA NA NA NA
1466078400.0 1340.0 NA 157 227 0 NA NA NA NA NA 216 302 0 NA NA NA NA NA 837 1517 2412 NA NA NA NA NA 941 2078 2444 NA NA NA NA
1466078400.0 1341.0 NA 161 233 0 NA NA NA NA NA 220 303 0 NA NA NA NA NA 947 2198 2474 NA NA NA NA NA 1010 5074 2503 NA NA NA NA
1466078400.0 1343.0 NA 155 226 0 NA NA NA NA NA 216 302 0 NA NA NA NA NA 790 1784 2463 NA NA NA NA NA 893 2771 2491 NA NA NA NA
1466078400.0 1344.0 NA 158 235 0 NA NA NA NA NA 217 302 0 NA NA NA NA NA 822 1601 2406 NA NA NA NA NA 946 1702 3992 NA NA NA NA
1466078400.0 1345.0 NA 163 226 0 NA NA NA NA NA 219 303 0 NA NA NA NA NA 918 1646 2388 NA NA NA NA NA 1082 2624 2438 NA NA NA NA
1466078400.0 1347.0 NA 162 232 0 NA NA NA NA NA 218 302 0 NA NA NA NA NA 890 1574 2456 NA NA NA NA NA 1001 1695 2488 NA NA NA NA
1466078400.0 1348.0 NA 152 224 0 NA NA NA NA NA 210 302 0 NA NA NA NA NA 817 1495 2397 NA NA NA NA NA 1223 1912 2422 NA NA NA NA
1466078400.0 135.1 224 0 95 NA NA NA NA NA 292 0 152 NA NA NA NA NA 1372 584 426 NA NA NA NA NA 1585 598 488 NA NA NA NA NA
1466078400.0 135.11 221 0 95 NA NA NA NA NA 296 0 152 NA NA NA NA NA 1857 660 540 NA NA NA NA NA 3157 677 660 NA NA NA NA NA
1466078400.0 135.12 207 0 94 NA NA NA NA NA 286 0 152 NA NA NA NA NA 1492 645 492 NA NA NA NA NA 10567 693 604 NA NA NA NA NA
1466078400.0 135.2 202 0 93 NA NA NA NA NA 268 0 151 NA NA NA NA NA 1208 668 451 NA NA NA NA NA 1343 1226 1239 NA NA NA NA NA
1466078400.0 135.3 204 0 93 NA NA NA NA NA 268 0 152 NA NA NA NA NA 1262 624 441 NA NA NA NA NA 1476 1858 928 NA NA NA NA NA
1466078400.0 135.4 214 0 93 NA NA NA NA NA 288 0 152 NA NA NA NA NA 1216 528 397 NA NA NA NA NA 1473 565 469 NA NA NA NA NA
1466078400.0 135.5 207 0 93 NA NA NA NA NA 285 0 152 NA NA NA NA NA 1147 587 436 NA NA NA NA NA 4232 605 645 NA NA NA NA NA
1466078400.0 135.6 208 0 94 NA NA NA NA NA 288 0 152 NA NA NA NA NA 1546 643 509 NA NA NA NA NA 10564 697 613 NA NA NA NA NA
1466078400.0 135.7 214 0 93 NA NA NA NA NA 287 0 152 NA NA NA NA NA 1305 549 448 NA NA NA NA NA 1880 1938 518 NA NA NA NA NA
1466078400.0 135.8 78 NA NA NA NA NA NA NA 131 NA NA NA NA NA NA NA 328 NA NA NA NA NA NA NA 939 NA NA NA NA NA NA NA
1466078400.0 135.9 210 0 93 NA NA NA NA NA 288 0 152 NA NA NA NA NA 1106 585 425 NA NA NA NA NA 4202 607 633 NA NA NA NA NA
1466078400.0 1350.0 NA 153 230 0 NA NA NA NA NA 214 302 0 NA NA NA NA NA 776 1535 2442 NA NA NA NA NA 1091 2097 2481 NA NA NA NA
1466078400.0 1351.0 NA 156 227 0 NA NA NA NA NA 218 302 0 NA NA NA NA NA 805 1632 2607 NA NA NA NA NA 929 2406 2666 NA NA NA NA
1466078400.0 1352.0 NA 158 230 0 NA NA NA NA NA 213 302 0 NA NA NA NA NA 818 1526 2494 NA NA NA NA NA 924 1653 2550 NA NA NA NA
1466078400.0 1353.0 NA 157 232 0 NA NA NA NA NA 218 302 0 NA NA NA NA NA 833 1681 2512 NA NA NA NA NA 925 1951 2536 NA NA NA NA
1466078400.0 1354.0 NA 156 227 0 NA NA NA NA NA 218 302 0 NA NA NA NA NA 821 1651 2395 NA NA NA NA NA 935 2371 2434 NA NA NA NA
1466078400.0 1355.0 NA 157 229 0 NA NA NA NA NA 218 303 0 NA NA NA NA NA 967 1779 2436 NA NA NA NA NA 1092 2999 2519 NA NA NA NA
1466078400.0 1356.0 62 151 235 0 105 NA NA NA 107 208 307 0 156 NA NA NA 5530 856 1852 2383 465 NA NA NA 6120 1486 2641 2441 610 NA NA NA
1466078400.0 1360.0 66 157 226 0 NA NA NA NA 123 209 302 0 NA NA NA NA 5293 789 1668 2409 NA NA NA NA 7558 853 2308 2434 NA NA NA NA
1466078400.0 1361.0 62 163 230 0 NA NA NA NA 124 206 303 0 NA NA NA NA 3531 916 1615 2503 NA NA NA NA 6580 1073 2372 2547 NA NA NA NA
1466078400.0 1362.0 61 147 228 0 NA NA NA NA 124 205 302 0 NA NA NA NA 3950 841 1609 2386 NA NA NA NA 7204 2433 2243 2439 NA NA NA NA
1466078400.0 1363.0 69 147 229 0 NA NA NA NA 123 206 302 0 NA NA NA NA 5662 931 1658 2503 NA NA NA NA 8762 1638 1970 3582 NA NA NA NA
1466078400.0 139901.0 NA 158 226 0 NA NA NA NA NA 215 302 0 NA NA NA NA NA 835 1665 2596 NA NA NA NA NA 1062 1775 2653 NA NA NA NA
1466078400.0 139902.0 NA 157 234 0 NA NA NA NA NA 218 302 0 NA NA NA NA NA 916 1803 2553 NA NA NA NA NA 999 3193 2581 NA NA NA NA
1466078400.0 13992501.0 NA 188 292 0 NA NA NA NA NA 257 376 0 NA NA NA NA NA 4110 5753 2524 NA NA NA NA NA 7872 9912 2645 NA NA NA NA
1466078400.0 13992502.0 NA 189 270 0 NA NA NA NA NA 258 376 0 NA NA NA NA NA 3524 5203 2623 NA NA NA NA NA 6462 9436 2905 NA NA NA NA
1466078400.0 14.0 NA 75 183 0 NA NA NA NA NA 147 245 0 NA NA NA NA NA 2314 2816 1082 NA NA NA NA NA 2351 3002 1110 NA NA NA NA
1466078400.0 140.1 NA 131 185 0 NA NA NA NA NA 195 249 0 NA NA NA NA NA 421 602 331 NA NA NA NA NA 499 681 344 NA NA NA NA
1466078400.0 140.2 NA 130 182 0 NA NA NA NA NA 195 249 0 NA NA NA NA NA 395 559 325 NA NA NA NA NA 475 643 342 NA NA NA NA
1466078400.0 140.4 NA 132 185 0 NA NA NA NA NA 195 249 0 NA NA NA NA NA 403 560 317 NA NA NA NA NA 477 628 336 NA NA NA NA
1466078400.0 140.51 NA 27 169 0 NA NA NA NA NA 69 225 0 NA NA NA NA NA 694 1544 430 NA NA NA NA NA 5041 2023 482 NA NA NA NA
1466078400.0 140.52 NA 179 171 0 NA NA NA NA NA 244 226 0 NA NA NA NA NA 2192 1543 408 NA NA NA NA NA 5084 6654 637 NA NA NA NA
1466078400.0 140.53 NA 203 0 NA NA NA NA NA NA 275 0 NA NA NA NA NA NA 4622 432 NA NA NA NA NA NA 7525 482 NA NA NA NA NA
1466078400.0 144.6 NA 197 NA NA NA NA NA NA NA 263 NA NA NA NA NA NA NA 2192 NA NA NA NA NA NA NA 4655 NA NA NA NA NA NA
1466078400.0 145.0 NA 220 265 0 NA NA NA NA NA 302 338 0 NA NA NA NA NA 3883 3786 374 NA NA NA NA NA 4038 3985 392 NA NA NA NA
1466078400.0 15.0 NA 80 183 0 NA NA NA NA NA 147 245 0 NA NA NA NA NA 1875 1330 811 NA NA NA NA NA 2025 2541 1250 NA NA NA NA
1466078400.0 16.0 NA 75 187 0 NA NA NA NA NA 147 245 0 NA NA NA NA NA 2197 2009 1035 NA NA NA NA NA 2268 2059 1068 NA NA NA NA
1466078400.0 17.0 NA 71 179 0 NA NA NA NA NA 147 242 0 NA NA NA NA NA 1925 1433 816 NA NA NA NA NA 2160 1636 1440 NA NA NA NA
1466078400.0 18.0 NA 73 183 0 NA NA NA NA NA 147 245 0 NA NA NA NA NA 1863 1089 811 NA NA NA NA NA 2504 5507 1087 NA NA NA NA
1466078400.0 19.0 NA 71 185 0 NA NA NA NA NA 147 245 0 NA NA NA NA NA 2132 1496 995 NA NA NA NA NA 2162 1542 1020 NA NA NA NA
1466078400.0 2.0 54 72 125 NA NA NA NA NA 100 143 176 NA NA NA NA NA 6882 550 834 NA NA NA NA NA 7019 586 853 NA NA NA NA NA
1466078400.0 20.0 NA 76 196 0 NA NA NA NA NA 147 246 0 NA NA NA NA NA 2088 1666 907 NA NA NA NA NA 2125 1693 924 NA NA NA NA
1466078400.0 200.0 NA 79 204 0 NA NA NA NA NA 148 264 0 NA NA NA NA NA 876 1618 919 NA NA NA NA NA 1619 2237 933 NA NA NA NA
1466078400.0 202.0 NA 78 199 0 NA NA NA NA NA 148 263 0 NA NA NA NA NA 837 1605 1041 NA NA NA NA NA 1419 2172 1067 NA NA NA NA
1466078400.0 203.0 NA 81 199 0 NA NA NA NA NA 148 269 0 NA NA NA NA NA 1022 2008 1011 NA NA NA NA NA 1725 2676 1040 NA NA NA NA
1466078400.0 204.0 52 84 198 0 NA NA NA NA 98 152 266 0 NA NA NA NA 4112 941 1668 860 NA NA NA NA 4413 1946 2890 880 NA NA NA NA
1466078400.0 205.0 NA 78 193 0 NA NA NA NA NA 148 262 0 NA NA NA NA NA 917 1580 1122 NA NA NA NA NA 1803 2299 1151 NA NA NA NA
1466078400.0 21.0 NA 78 181 0 NA NA NA NA NA 147 245 0 NA NA NA NA NA 2526 2270 1084 NA NA NA NA NA 2564 2323 1111 NA NA NA NA
1466078400.0 22.0 NA 76 187 0 NA NA NA NA NA 147 245 0 NA NA NA NA NA 2521 2640 1061 NA NA NA NA NA 2565 2693 1165 NA NA NA NA
1466078400.0 23.0 NA 80 183 0 NA NA NA NA NA 147 245 0 NA NA NA NA NA 2496 2453 994 NA NA NA NA NA 2571 2508 1045 NA NA NA NA
1466078400.0 24.0 NA 77 185 0 NA NA NA NA NA 147 244 0 NA NA NA NA NA 2394 3136 903 NA NA NA NA NA 2556 3257 929 NA NA NA NA
1466078400.0 25.0 NA 77 192 0 63 NA NA NA NA 147 257 0 94 NA NA NA NA 2499 3682 940 104 NA NA NA NA 2573 4555 961 177 NA NA NA
1466078400.0 250199.0 143 NA NA NA NA NA NA NA 203 NA NA NA NA NA NA NA 5041 NA NA NA NA NA NA NA 18735 NA NA NA NA NA NA NA
1466078400.0 250200.0 NA 335 241 0 NA NA NA NA NA 450 390 0 NA NA NA NA NA 17033 4248 2622 NA NA NA NA NA 21548 5804 2801 NA NA NA NA
1466078400.0 250200.1 60 189 167 NA NA NA NA NA 108 259 237 NA NA NA NA NA 5139 2157 2567 NA NA NA NA NA 5353 4012 2890 NA NA NA NA NA
1466078400.0 250202.0 NA 212 251 0 NA NA NA NA NA 282 337 0 NA NA NA NA NA 19774 5230 2668 NA NA NA NA NA 21987 6469 2813 NA NA NA NA
1466078400.0 250203.0 NA 215 253 0 NA NA NA NA NA 279 328 0 NA NA NA NA NA 18059 4856 2750 NA NA NA NA NA 19310 6606 4047 NA NA NA NA
1466078400.0 250204.0 NA 213 248 0 NA NA NA NA NA 283 323 0 NA NA NA NA NA 17997 4375 2872 NA NA NA NA NA 19610 6128 4266 NA NA NA NA
1466078400.0 250205.0 NA 214 260 0 NA NA NA NA NA 285 328 0 NA NA NA NA NA 16203 3808 2602 NA NA NA NA NA 17151 4540 3587 NA NA NA NA
1466078400.0 250206.0 NA 208 253 0 NA NA NA NA NA 277 331 0 NA NA NA NA NA 17030 4691 2433 NA NA NA NA NA 18727 5741 2457 NA NA NA NA
1466078400.0 250207.0 NA 202 245 0 NA NA NA NA NA 275 324 0 NA NA NA NA NA 14055 3629 2410 NA NA NA NA NA 15060 4803 2493 NA NA NA NA
1466078400.0 250399.0 119 NA NA NA NA NA NA NA 211 NA NA NA NA NA NA NA 1136 NA NA NA NA NA NA NA 2511 NA NA NA NA NA NA NA
1466078400.0 250400.0 223 0 95 NA NA NA NA NA 306 0 153 NA NA NA NA NA 1694 622 591 NA NA NA NA NA 2045 1580 723 NA NA NA NA NA
1466078400.0 250402.0 226 0 104 NA NA NA NA NA 307 0 153 NA NA NA NA NA 1972 582 678 NA NA NA NA NA 2534 603 786 NA NA NA NA NA
1466078400.0 250403.0 222 0 96 NA NA NA NA NA 305 0 153 NA NA NA NA NA 1926 528 592 NA NA NA NA NA 2466 548 671 NA NA NA NA NA
1466078400.0 250405.0 222 0 98 NA NA NA NA NA 304 0 153 NA NA NA NA NA 1815 621 594 NA NA NA NA NA 2345 638 703 NA NA NA NA NA
1466078400.0 250406.0 223 0 95 NA NA NA NA NA 306 0 153 NA NA NA NA NA 1447 556 500 NA NA NA NA NA 1828 577 559 NA NA NA NA NA
1466078400.0 250407.0 214 0 95 NA NA NA NA NA 286 0 154 NA NA NA NA NA 1619 621 685 NA NA NA NA NA 1798 650 1010 NA NA NA NA NA
1466078400.0 250408.0 220 0 98 NA NA NA NA NA 305 0 153 NA NA NA NA NA 1951 663 608 NA NA NA NA NA 2682 681 666 NA NA NA NA NA
1466078400.0 250409.0 226 0 100 NA NA NA NA NA 311 0 153 NA NA NA NA NA 2340 565 719 NA NA NA NA NA 5258 3661 1027 NA NA NA NA NA
1466078400.0 25200.0 NA 188 260 0 NA NA NA NA NA 259 376 0 NA NA NA NA NA 3641 4872 2507 NA NA NA NA NA 7973 10068 2903 NA NA NA NA
1466078400.0 25202.0 NA 204 291 0 NA NA NA NA NA 264 381 0 NA NA NA NA NA 4023 5551 2464 NA NA NA NA NA 4866 9645 3335 NA NA NA NA
1466078400.0 25203.0 NA 191 292 0 NA NA NA NA NA 261 380 0 NA NA NA NA NA 4315 5053 2388 NA NA NA NA NA 8788 6588 2411 NA NA NA NA
1466078400.0 25204.0 NA 190 291 0 NA NA NA NA NA 261 377 0 NA NA NA NA NA 3899 5128 2491 NA NA NA NA NA 7149 9128 3032 NA NA NA NA
1466078400.0 25205.0 NA 190 284 0 NA NA NA NA NA 255 377 0 NA NA NA NA NA 3616 5024 2471 NA NA NA NA NA 8609 9988 2816 NA NA NA NA
1466078400.0 25206.0 NA 194 291 0 NA NA NA NA NA 261 389 0 NA NA NA NA NA 4112 6076 2611 NA NA NA NA NA 8114 10101 3738 NA NA NA NA
1466078400.0 25207.0 NA 183 269 0 NA NA NA NA NA 253 369 0 NA NA NA NA NA 3249 4049 2487 NA NA NA NA NA 7845 8693 2754 NA NA NA NA
1466078400.0 25208.0 NA 205 289 0 NA NA NA NA NA 276 395 0 NA NA NA NA NA 4369 7772 2621 NA NA NA NA NA 7122 11672 2954 NA NA NA NA
1466078400.0 25209.0 NA 201 291 0 NA NA NA NA NA 275 392 0 NA NA NA NA NA 4595 6328 2419 NA NA NA NA NA 8095 11152 2456 NA NA NA NA
1466078400.0 25210.0 67 193 285 0 NA NA NA NA 123 265 382 0 NA NA NA NA 5063 3033 4580 2441 NA NA NA NA 7537 5569 8072 2468 NA NA NA NA
1466078400.0 25211.0 63 194 302 0 NA NA NA NA 123 268 381 0 NA NA NA NA 5321 4533 6241 2668 NA NA NA NA 8010 8575 11390 3019 NA NA NA NA
1466078400.0 25212.0 61 190 288 0 NA NA NA NA 123 260 377 0 NA NA NA NA 4505 3845 5111 2826 NA NA NA NA 7721 7113 9817 3996 NA NA NA NA
1466078400.0 25213.0 62 188 290 0 NA NA NA NA 123 261 378 0 NA NA NA NA 6651 4019 5322 2677 NA NA NA NA 9882 7540 9846 2890 NA NA NA NA
1466078400.0 25400.0 249 0 98 NA NA NA NA NA 341 0 153 NA NA NA NA NA 4416 586 574 NA NA NA NA NA 7016 614 727 NA NA NA NA NA
1466078400.0 25402.0 247 0 95 NA NA NA NA NA 338 0 153 NA NA NA NA NA 4880 617 671 NA NA NA NA NA 10875 646 783 NA NA NA NA NA
1466078400.0 25403.0 248 0 93 NA NA NA NA NA 342 0 153 NA NA NA NA NA 4153 586 563 NA NA NA NA NA 9573 612 676 NA NA NA NA NA
1466078400.0 25405.0 244 0 96 NA NA NA NA NA 337 0 152 NA NA NA NA NA 3879 546 499 NA NA NA NA NA 9595 571 553 NA NA NA NA NA
1466078400.0 25406.0 251 0 95 NA NA NA NA NA 340 0 153 NA NA NA NA NA 3293 561 522 NA NA NA NA NA 7359 605 976 NA NA NA NA NA
1466078400.0 25407.0 238 0 95 NA NA NA NA NA 326 0 155 NA NA NA NA NA 4223 669 634 NA NA NA NA NA 6311 688 792 NA NA NA NA NA
1466078400.0 25408.0 246 0 101 NA NA NA NA NA 349 0 153 NA NA NA NA NA 5413 592 660 NA NA NA NA NA 14639 611 801 NA NA NA NA NA
1466078400.0 25409.0 246 0 94 NA NA NA NA NA 343 0 153 NA NA NA NA NA 4226 591 584 NA NA NA NA NA 10290 632 702 NA NA NA NA NA
1466078400.0 26.0 NA 74 189 0 NA NA NA NA NA 147 253 0 NA NA NA NA NA 2322 2270 1096 NA NA NA NA NA 2384 2383 1138 NA NA NA NA
1466078400.0 27.0 NA 75 182 0 NA NA NA NA NA 147 245 0 NA NA NA NA NA 2281 2247 1024 NA NA NA NA NA 2362 2370 1050 NA NA NA NA
1466078400.0 28.0 NA 75 185 0 NA NA NA NA NA 147 244 0 NA NA NA NA NA 2976 2923 1042 NA NA NA NA NA 3035 3084 1082 NA NA NA NA
1466078400.0 280.0 92 75 184 0 NA NA NA NA 170 145 244 0 NA NA NA NA 5920 481 837 825 NA NA NA NA 6139 507 1011 846 NA NA NA NA
1466078400.0 29.0 NA 75 195 0 NA NA NA NA NA 147 254 0 NA NA NA NA NA 2260 2400 1101 NA NA NA NA NA 2299 2573 1134 NA NA NA NA
1466078400.0 3.0 56 78 125 NA NA NA NA NA 102 143 176 NA NA NA NA NA 11177 368 964 NA NA NA NA NA 11527 396 986 NA NA NA NA NA
1466078400.0 30.0 NA 80 184 0 NA NA NA NA NA 147 245 0 NA NA NA NA NA 2534 2570 1197 NA NA NA NA NA 2683 2621 1289 NA NA NA NA
1466078400.0 300.0 67 173 238 0 NA NA NA NA 118 246 306 0 NA NA NA NA 3206 969 1418 397 NA NA NA NA 3644 1089 2502 453 NA NA NA NA
1466078400.0 301.0 66 181 239 0 NA NA NA NA 119 244 307 0 NA NA NA NA 4348 1105 1366 412 NA NA NA NA 4655 1233 1835 431 NA NA NA NA
1466078400.0 302.0 66 170 236 0 NA NA NA NA 118 244 306 0 NA NA NA NA 3126 1151 1609 488 NA NA NA NA 3384 2155 2098 513 NA NA NA NA
1466078400.0 31.0 NA 74 192 0 NA NA NA NA NA 147 245 0 NA NA NA NA NA 2207 1831 918 NA NA NA NA NA 2254 1873 938 NA NA NA NA
1466078400.0 32.0 NA 76 184 0 NA NA NA NA NA 147 245 0 NA NA NA NA NA 2563 2548 1113 NA NA NA NA NA 2602 2610 1143 NA NA NA NA
1466078400.0 33.0 NA 77 192 0 NA NA NA NA NA 147 245 0 NA NA NA NA NA 2405 2067 1015 NA NA NA NA NA 2494 2118 1181 NA NA NA NA
1466078400.0 34.0 53 84 186 0 NA NA NA NA 98 145 244 0 NA NA NA NA 4309 489 849 824 NA NA NA NA 4574 521 895 859 NA NA NA NA
1466078400.0 35.0 NA 80 185 0 NA NA NA NA NA 147 245 0 NA NA NA NA NA 2577 2953 998 NA NA NA NA NA 2657 3038 1025 NA NA NA NA
1466078400.0 36.0 NA 75 185 0 NA NA NA NA NA 146 248 0 NA NA NA NA NA 2375 11323 894 NA NA NA NA NA 2599 11833 914 NA NA NA NA
1466078400.0 37.0 NA 75 191 0 NA NA NA NA NA 147 246 0 NA NA NA NA NA 2455 3967 952 NA NA NA NA NA 2504 4219 1045 NA NA NA NA
1466078400.0 38.0 NA 76 184 0 NA NA NA NA NA 147 245 0 NA NA NA NA NA 2438 3252 1014 NA NA NA NA NA 2586 4165 1066 NA NA NA NA
1466078400.0 39.0 NA 80 187 0 NA NA NA NA NA 147 248 0 NA NA NA NA NA 2656 6955 1103 NA NA NA NA NA 2781 7511 1145 NA NA NA NA
1466078400.0 4.17 NA 41 201 0 105 NA NA NA NA 76 260 0 162 NA NA NA NA 137 3354 920 677 NA NA NA NA 159 3419 944 747 NA NA NA
1466078400.0 4.22 NA 117 50 55 0 NA NA NA NA 196 89 103 0 NA NA NA NA 926 92 124 230 NA NA NA NA 995 120 152 256 NA NA NA
1466078400.0 4.23 NA 63 208 0 NA NA NA NA NA 109 269 0 NA NA NA NA NA 194 2901 995 NA NA NA NA NA 367 3168 1046 NA NA NA NA
1466078400.0 4.24 NA 51 204 0 NA NA NA NA NA 95 265 0 NA NA NA NA NA 137 3570 963 NA NA NA NA NA 164 3651 987 NA NA NA NA
1466078400.0 4.25 NA 60 198 0 NA NA NA NA NA 96 261 0 NA NA NA NA NA 116 3510 948 NA NA NA NA NA 176 3573 961 NA NA NA NA
1466078400.0 4.26 NA 59 200 0 NA NA NA NA NA 93 264 0 NA NA NA NA NA 109 3512 938 NA NA NA NA NA 162 3825 963 NA NA NA NA
1466078400.0 4.27 NA 54 203 0 NA NA NA NA NA 95 264 0 NA NA NA NA NA 130 3862 905 NA NA NA NA NA 161 4160 930 NA NA NA NA
1466078400.0 4.28 NA 65 211 0 NA NA NA NA NA 111 268 0 NA NA NA NA NA 243 2533 2293 NA NA NA NA NA 569 2594 2311 NA NA NA NA
1466078400.0 4.29 NA 41 197 0 109 NA NA NA NA 77 260 0 166 NA NA NA NA 174 3752 819 655 NA NA NA NA 228 4193 856 805 NA NA NA
1466078400.0 4.34 NA 60 203 0 NA NA NA NA NA 107 270 0 NA NA NA NA NA 200 3748 916 NA NA NA NA NA 311 4101 946 NA NA NA NA
1466078400.0 4.36 NA 51 207 0 NA NA NA NA NA 94 264 0 NA NA NA NA NA 128 4513 1028 NA NA NA NA NA 148 4594 1097 NA NA NA NA
1466078400.0 4.37 NA 59 206 0 NA NA NA NA NA 94 267 0 NA NA NA NA NA 132 4655 958 NA NA NA NA NA 198 5275 1000 NA NA NA NA
1466078400.0 4.4 NA 39 205 0 NA NA NA NA NA 79 267 0 NA NA NA NA NA 187 5162 1050 NA NA NA NA NA 253 5318 1073 NA NA NA NA
1466078400.0 4.41 NA 35 205 0 NA NA NA NA NA 77 267 0 NA NA NA NA NA 157 6387 862 NA NA NA NA NA 241 8355 930 NA NA NA NA
1466078400.0 4.42 NA 33 206 0 NA NA NA NA NA 78 271 0 NA NA NA NA NA 197 9209 890 NA NA NA NA NA 263 9342 918 NA NA NA NA
1466078400.0 4.43 NA 34 204 0 NA NA NA NA NA 79 264 0 NA NA NA NA NA 165 4437 867 NA NA NA NA NA 198 4513 1001 NA NA NA NA
1466078400.0 4.44 NA 35 204 0 NA NA NA NA NA 77 263 0 NA NA NA NA NA 158 5618 814 NA NA NA NA NA 195 5770 834 NA NA NA NA
1466078400.0 4.45 NA 39 204 0 NA NA NA NA NA 77 271 0 NA NA NA NA NA 209 9862 1055 NA NA NA NA NA 357 10056 1078 NA NA NA NA
1466078400.0 4.51 NA 31 211 0 NA NA NA NA NA 78 274 0 NA NA NA NA NA 176 7969 915 NA NA NA NA NA 221 14220 1237 NA NA NA NA
1466078400.0 4.52 NA 33 207 0 NA NA NA NA NA 77 273 0 NA NA NA NA NA 271 10404 894 NA NA NA NA NA 317 10606 913 NA NA NA NA
1466078400.0 4.53 NA 39 209 0 NA NA NA NA NA 77 270 0 NA NA NA NA NA 189 8225 834 NA NA NA NA NA 346 8594 948 NA NA NA NA
1466078400.0 4.54 NA 38 212 0 NA NA NA NA NA 77 274 0 NA NA NA NA NA 197 10202 887 NA NA NA NA NA 370 10539 953 NA NA NA NA
1466078400.0 4.55 NA 32 215 0 NA NA NA NA NA 76 271 0 NA NA NA NA NA 208 11542 812 NA NA NA NA NA 289 16862 839 NA NA NA NA
1466078400.0 4.58 NA 38 201 0 NA NA NA NA NA 87 267 0 NA NA NA NA NA 182 6533 856 NA NA NA NA NA 219 6774 930 NA NA NA NA
1466078400.0 4.6 NA 202 0 NA NA NA NA NA NA 265 0 NA NA NA NA NA NA 2058 554 NA NA NA NA NA NA 7387 1347 NA NA NA NA NA
1466078400.0 4.61 NA 34 213 0 NA NA NA NA NA 77 275 0 NA NA NA NA NA 196 9904 1100 NA NA NA NA NA 337 10161 1136 NA NA NA NA
1466078400.0 4.62 NA 39 216 0 NA NA NA NA NA 77 271 0 NA NA NA NA NA 202 9198 911 NA NA NA NA NA 241 14805 1254 NA NA NA NA
1466078400.0 4.63 NA 32 208 0 NA NA NA NA NA 77 271 0 NA NA NA NA NA 186 9492 845 NA NA NA NA NA 416 15003 910 NA NA NA NA
1466078400.0 4.64 NA 36 210 0 NA NA NA NA NA 76 273 0 NA NA NA NA NA 218 10621 1088 NA NA NA NA NA 249 10862 1115 NA NA NA NA
1466078400.0 4.65 NA 32 211 0 NA NA NA NA NA 76 281 0 NA NA NA NA NA 201 13073 778 NA NA NA NA NA 523 17565 801 NA NA NA NA
1466078400.0 4.67 NA 59 216 0 NA NA NA NA NA 92 280 0 NA NA NA NA NA 213 10608 816 NA NA NA NA NA 368 11050 846 NA NA NA NA
1466078400.0 4.68 NA 40 207 0 NA NA NA NA NA 86 270 0 NA NA NA NA NA 164 9820 780 NA NA NA NA NA 346 10238 827 NA NA NA NA
1466078400.0 4.71 NA 36 205 0 NA NA NA NA NA 77 271 0 NA NA NA NA NA 169 6039 752 NA NA NA NA NA 200 6758 769 NA NA NA NA
1466078400.0 4.72 NA 33 208 0 NA NA NA NA NA 76 270 0 NA NA NA NA NA 178 8627 808 NA NA NA NA NA 262 8995 834 NA NA NA NA
1466078400.0 4.73 NA 41 212 0 NA NA NA NA NA 79 273 0 NA NA NA NA NA 209 10586 986 NA NA NA NA NA 281 10809 1025 NA NA NA NA
1466078400.0 4.74 NA 34 208 0 NA NA NA NA NA 76 270 0 NA NA NA NA NA 189 8403 897 NA NA NA NA NA 240 8886 929 NA NA NA NA
1466078400.0 4.75 NA 32 208 0 NA NA NA NA NA 77 271 0 NA NA NA NA NA 188 8444 815 NA NA NA NA NA 343 8957 887 NA NA NA NA
1466078400.0 4.76 NA 49 209 0 NA NA NA NA NA 90 276 0 NA NA NA NA NA 154 9359 898 NA NA NA NA NA 225 9719 921 NA NA NA NA
1466078400.0 4.78 NA 46 214 0 NA NA NA NA NA 85 275 0 NA NA NA NA NA 167 10307 782 NA NA NA NA NA 317 10686 828 NA NA NA NA
1466078400.0 4000.0 NA 76 188 NA NA NA NA NA NA 147 246 NA NA NA NA NA NA 2639 4229 NA NA NA NA NA NA 2706 4436 NA NA NA NA NA
1466078400.0 4001.0 NA 79 196 NA NA NA NA NA NA 148 263 NA NA NA NA NA NA 806 1526 NA NA NA NA NA NA 2840 4016 NA NA NA NA NA
1466078400.0 4002.0 NA 75 184 NA NA NA NA NA NA 147 244 NA NA NA NA NA NA 2220 1971 NA NA NA NA NA NA 2666 8799 NA NA NA NA NA
1466078400.0 4003.0 NA 77 184 NA NA NA NA NA NA 147 245 NA NA NA NA NA NA 2657 2548 NA NA NA NA NA NA 2722 2598 NA NA NA NA NA
1466078400.0 4006.0 45 85 199 NA NA NA NA NA 89 152 265 NA NA NA NA NA 2034 1031 1714 NA NA NA NA NA 2065 1762 2412 NA NA NA NA NA
1466078400.0 4007.0 37 0 0 NA NA NA NA NA 76 0 0 NA NA NA NA NA 507 113 234 NA NA NA NA NA 528 162 259 NA NA NA NA NA
1466078400.0 4008.0 50 81 195 NA NA NA NA NA 97 152 260 NA NA NA NA NA 1316 375 844 NA NA NA NA NA 1734 1176 1513 NA NA NA NA NA
1466078400.0 43.0 NA 79 186 0 NA NA NA NA NA 147 244 0 NA NA NA NA NA 2221 3001 886 NA NA NA NA NA 2415 3157 912 NA NA NA NA
1466078400.0 44.0 NA 76 184 0 NA NA NA NA NA 147 244 0 NA NA NA NA NA 2153 2516 953 NA NA NA NA NA 2316 2910 979 NA NA NA NA
1466078400.0 45.0 NA 75 189 0 NA NA NA NA NA 147 245 0 NA NA NA NA NA 2530 2734 1030 NA NA NA NA NA 2565 2793 1208 NA NA NA NA
1466078400.0 5.1 166 0 NA NA NA NA NA NA 230 0 NA NA NA NA NA NA 916 485 NA NA NA NA NA NA 1122 525 NA NA NA NA NA NA
1466078400.0 5.2 155 0 NA NA NA NA NA NA 214 0 NA NA NA NA NA NA 690 421 NA NA NA NA NA NA 724 439 NA NA NA NA NA NA
1466078400.0 5.3 156 0 NA NA NA NA NA NA 214 0 NA NA NA NA NA NA 723 430 NA NA NA NA NA NA 767 455 NA NA NA NA NA NA
1466078400.0 5.4 165 0 NA NA NA NA NA NA 229 0 NA NA NA NA NA NA 821 447 NA NA NA NA NA NA 997 460 NA NA NA NA NA NA
1466078400.0 5.5 174 0 NA NA NA NA NA NA 229 0 NA NA NA NA NA NA 736 442 NA NA NA NA NA NA 894 456 NA NA NA NA NA NA
1466078400.0 5.6 168 0 NA NA NA NA NA NA 228 0 NA NA NA NA NA NA 830 463 NA NA NA NA NA NA 891 489 NA NA NA NA NA NA
1466078400.0 5.7 166 0 NA NA NA NA NA NA 228 0 NA NA NA NA NA NA 822 464 NA NA NA NA NA NA 1004 476 NA NA NA NA NA NA
1466078400.0 500199.0 111 NA NA NA NA NA NA NA 164 NA NA NA NA NA NA NA 4195 NA NA NA NA NA NA NA 6405 NA NA NA NA NA NA NA
1466078400.0 500200.0 NA 136 228 0 NA NA NA NA NA 200 311 0 NA NA NA NA NA 5036 2938 1052 NA NA NA NA NA 5571 3992 1077 NA NA NA NA
1466078400.0 500200.1 63 100 159 NA NA NA NA NA 107 154 226 NA NA NA NA NA 5916 850 1921 NA NA NA NA NA 6163 1281 2176 NA NA NA NA NA
1466078400.0 500202.0 NA 107 230 0 NA NA NA NA NA 162 298 0 NA NA NA NA NA 5438 3210 986 NA NA NA NA NA 9128 3992 1035 NA NA NA NA
1466078400.0 500203.0 NA 107 230 0 NA NA NA NA NA 159 296 0 NA NA NA NA NA 5019 2752 948 NA NA NA NA NA 8575 7457 998 NA NA NA NA
1466078400.0 500204.0 NA 106 229 0 NA NA NA NA NA 159 298 0 NA NA NA NA NA 5229 3552 1305 NA NA NA NA NA 6380 3952 1332 NA NA NA NA
1466078400.0 500205.0 NA 106 223 0 NA NA NA NA NA 161 297 0 NA NA NA NA NA 5053 2861 1137 NA NA NA NA NA 5554 3813 1270 NA NA NA NA
1466078400.0 500206.0 NA 104 234 0 NA NA NA NA NA 157 299 0 NA NA NA NA NA 5785 3440 1109 NA NA NA NA NA 7292 3853 1133 NA NA NA NA
1466078400.0 500207.0 NA 100 228 0 NA NA NA NA NA 155 293 0 NA NA NA NA NA 4241 2528 868 NA NA NA NA NA 6574 7660 895 NA NA NA NA
1466078400.0 50200.0 NA 97 253 0 NA NA NA NA NA 153 330 0 NA NA NA NA NA 2138 4014 1171 NA NA NA NA NA 4935 7149 1222 NA NA NA NA
1466078400.0 50202.0 NA 100 248 0 NA NA NA NA NA 154 330 0 NA NA NA NA NA 1913 4088 1009 NA NA NA NA NA 3654 6302 1046 NA NA NA NA
1466078400.0 50203.0 NA 95 242 0 NA NA NA NA NA 152 325 0 NA NA NA NA NA 1677 3016 916 NA NA NA NA NA 3727 6952 932 NA NA NA NA
1466078400.0 50204.0 NA 97 255 0 NA NA NA NA NA 153 329 0 NA NA NA NA NA 1981 3554 898 NA NA NA NA NA 4632 4737 928 NA NA NA NA
1466078400.0 50205.0 NA 100 254 0 NA NA NA NA NA 154 331 0 NA NA NA NA NA 1816 3276 947 NA NA NA NA NA 3841 5828 995 NA NA NA NA
1466078400.0 50206.0 NA 98 245 0 NA NA NA NA NA 152 323 0 NA NA NA NA NA 1794 3549 1029 NA NA NA NA NA 3504 5605 1070 NA NA NA NA
1466078400.0 50207.0 NA 95 246 0 NA NA NA NA NA 152 328 0 NA NA NA NA NA 1699 2869 886 NA NA NA NA NA 3910 7234 905 NA NA NA NA
1466078400.0 50208.0 NA 101 259 0 NA NA NA NA NA 153 336 0 NA NA NA NA NA 2037 5383 1121 NA NA NA NA NA 3932 7527 1142 NA NA NA NA
1466078400.0 503.0 27 0 NA NA NA NA NA NA 61 0 NA NA NA NA NA NA 105 41 NA NA NA NA NA NA 116 102 NA NA NA NA NA NA
1466078400.0 504.0 28 0 NA NA NA NA NA NA 61 0 NA NA NA NA NA NA 58 20 NA NA NA NA NA NA 64 30 NA NA NA NA NA NA
1466078400.0 505.0 27 0 NA NA NA NA NA NA 61 0 NA NA NA NA NA NA 54 48 NA NA NA NA NA NA 62 133 NA NA NA NA NA NA
1466078400.0 506.0 26 0 NA NA NA NA NA NA 61 0 NA NA NA NA NA NA 57 16 NA NA NA NA NA NA 69 23 NA NA NA NA NA NA
1466078400.0 507.0 25 0 NA NA NA NA NA NA 61 0 NA NA NA NA NA NA 101 18 NA NA NA NA NA NA 108 31 NA NA NA NA NA NA
1466078400.0 508.0 30 0 NA NA NA NA NA NA 61 0 NA NA NA NA NA NA 48 16 NA NA NA NA NA NA 53 24 NA NA NA NA NA NA
1466078400.0 509.0 29 0 NA NA NA NA NA NA 60 0 NA NA NA NA NA NA 43 16 NA NA NA NA NA NA 48 23 NA NA NA NA NA NA
1466078400.0 510.0 25 0 NA NA NA NA NA NA 61 0 NA NA NA NA NA NA 170 17 NA NA NA NA NA NA 178 25 NA NA NA NA NA NA
1466078400.0 512.0 14 29 0 NA NA NA NA NA 116 65 0 NA NA NA NA NA 14 48 22 NA NA NA NA NA 46319 105 609 NA NA NA NA NA
1466078400.0 513.0 14 27 0 NA NA NA NA NA 116 64 0 NA NA NA NA NA 14 45 20 NA NA NA NA NA 27853 1299 66 NA NA NA NA NA
1466078400.0 514.0 14 29 0 NA NA NA NA NA 115 64 0 NA NA NA NA NA 12 50 18 NA NA NA NA NA 771 58 35 NA NA NA NA NA
1466078400.0 515.0 14 35 0 NA NA NA NA NA 116 65 0 NA NA NA NA NA 13 49 18 NA NA NA NA NA 5962 76 39 NA NA NA NA NA
1466078400.0 516.0 14 35 0 NA NA NA NA NA 116 65 0 NA NA NA NA NA 15 48 23 NA NA NA NA NA 34381 107 88 NA NA NA NA NA
1466078400.0 517.0 14 35 0 NA NA NA NA NA 115 64 0 NA NA NA NA NA 12 58 18 NA NA NA NA NA 2280 76 37 NA NA NA NA NA
1466078400.0 518.0 14 29 0 NA NA NA NA NA 116 65 0 NA NA NA NA NA 13 50 18 NA NA NA NA NA 15578 75 33 NA NA NA NA NA
1466078400.0 519.0 14 28 0 NA NA NA NA NA 116 64 0 NA NA NA NA NA 12 43 21 NA NA NA NA NA 8240 68 38 NA NA NA NA NA
1466078400.0 520.0 14 35 0 NA NA NA NA NA 115 64 0 NA NA NA NA NA 11 58 17 NA NA NA NA NA 3069 64 30 NA NA NA NA NA
1466078400.0 521.0 14 30 0 NA NA NA NA NA 116 65 0 NA NA NA NA NA 13 56 21 NA NA NA NA NA 21867 1169 75 NA NA NA NA NA
1466078400.0 522.0 14 28 0 NA NA NA NA NA 116 65 0 NA NA NA NA NA 12 56 20 NA NA NA NA NA 11881 120 32 NA NA NA NA NA
1466078400.0 523.0 14 37 0 NA NA NA NA NA 115 66 0 NA NA NA NA NA 13 101 16 NA NA NA NA NA 2261 108 27 NA NA NA NA NA
1466078400.0 524.0 14 35 0 NA NA NA NA NA 115 64 0 NA NA NA NA NA 12 58 17 NA NA NA NA NA 2469 77 36 NA NA NA NA NA
1466078400.0 525.0 14 29 0 NA NA NA NA NA 116 64 0 NA NA NA NA NA 15 51 20 NA NA NA NA NA 7948 87 35 NA NA NA NA NA
1466078400.0 526.0 14 35 0 NA NA NA NA NA 116 65 0 NA NA NA NA NA 11 56 22 NA NA NA NA NA 4770 91 38 NA NA NA NA NA
1466078400.0 527.0 14 32 0 NA NA NA NA NA 115 64 0 NA NA NA NA NA 11 58 16 NA NA NA NA NA 3080 68 28 NA NA NA NA NA
1466078400.0 528.0 14 35 0 NA NA NA NA NA 116 64 0 NA NA NA NA NA 15 48 18 NA NA NA NA NA 14664 100 79 NA NA NA NA NA
1466078400.0 529.0 14 35 0 NA NA NA NA NA 116 65 0 NA NA NA NA NA 13 54 19 NA NA NA NA NA 18179 132 80 NA NA NA NA NA
1466078400.0 530.0 14 35 0 NA NA NA NA NA 115 64 0 NA NA NA NA NA 11 58 17 NA NA NA NA NA 3094 83 29 NA NA NA NA NA
1466078400.0 531.0 59 0 NA NA NA NA NA NA 172 0 NA NA NA NA NA NA 44 15 NA NA NA NA NA NA 52 21 NA NA NA NA NA NA
1466078400.0 534.0 37 0 NA NA NA NA NA NA 171 0 NA NA NA NA NA NA 167 17 NA NA NA NA NA NA 203 35 NA NA NA NA NA NA
1466078400.0 541.0 28 0 NA NA NA NA NA NA 63 0 NA NA NA NA NA NA 90 17 NA NA NA NA NA NA 97 30 NA NA NA NA NA NA
1466078400.0 545.0 28 0 NA NA NA NA NA NA 63 0 NA NA NA NA NA NA 81 17 NA NA NA NA NA NA 87 25 NA NA NA NA NA NA
1466078400.0 551.0 14 31 0 NA NA NA NA NA 115 64 0 NA NA NA NA NA 12 56 20 NA NA NA NA NA 2113 65 35 NA NA NA NA NA
1466078400.0 552.0 14 27 0 NA NA NA NA NA 115 63 0 NA NA NA NA NA 12 61 15 NA NA NA NA NA 2282 81 27 NA NA NA NA NA
1466078400.0 554.0 14 29 0 NA NA NA NA NA 116 65 0 NA NA NA NA NA 11 57 20 NA NA NA NA NA 5274 200 203 NA NA NA NA NA
1466078400.0 555.0 14 35 0 NA NA NA NA NA 115 64 0 NA NA NA NA NA 14 49 18 NA NA NA NA NA 1587 61 27 NA NA NA NA NA
1466078400.0 556.0 14 28 0 NA NA NA NA NA 115 64 0 NA NA NA NA NA 12 64 17 NA NA NA NA NA 1010 71 27 NA NA NA NA NA
1466078400.0 560.0 27 0 NA NA NA NA NA NA 61 0 NA NA NA NA NA NA 56 19 NA NA NA NA NA NA 62 29 NA NA NA NA NA NA
1466078400.0 561.0 26 0 NA NA NA NA NA NA 61 0 NA NA NA NA NA NA 53 49 NA NA NA NA NA NA 60 133 NA NA NA NA NA NA
1466078400.0 562.0 14 27 0 NA NA NA NA NA 115 64 0 NA NA NA NA NA 14 60 18 NA NA NA NA NA 1057 69 45 NA NA NA NA NA
1466078400.0 6.0 NA 75 186 0 NA NA NA NA NA 147 246 0 NA NA NA NA NA 2109 1364 1002 NA NA NA NA NA 2145 1408 1031 NA NA NA NA
1466078400.0 7.0 36 0 0 0 0 NA NA NA 73 0 0 0 0 NA NA NA 471 92 182 27 205 NA NA NA 544 97 201 33 220 NA NA NA
1466078400.0 7.1 35 0 0 0 0 NA NA NA 73 0 0 0 0 NA NA NA 478 99 194 26 202 NA NA NA 504 109 500 33 236 NA NA NA
1466078400.0 8.0 NA 67 107 46 0 NA NA NA NA 143 166 77 0 NA NA NA NA 1770 650 32 238 NA NA NA NA 2821 1103 71 304 NA NA NA
1466078400.0 9.0 NA 79 189 0 NA NA NA NA NA 147 245 0 NA NA NA NA NA 2426 3662 1129 NA NA NA NA NA 2479 3749 1400 NA NA NA NA
